# This file may be used to create an environment using:
# $ conda create --name <env> --file <this file>
# platform: win-64
# created-by: conda 25.1.1
blinker=1.9.0=py314haa95532_1
bzip2=1.0.8=h2bbff1b_6
ca-certificates=2025.12.2=haa95532_0
click=8.2.1=py314haa95532_1
colorama=0.4.6=py314haa95532_0
flask=3.1.2=py314haa95532_0
flask-sqlalchemy=3.1.1=pypi_0
greenlet=3.3.1=pypi_0
itsdangerous=2.2.0=py314haa95532_0
jinja2=3.1.6=py314haa95532_0
libexpat=2.7.3=h885b0b7_4
libffi=3.4.4=hd77b12b_1
libmpdec=4.0.0=h827c3e9_0
libzlib=1.3.1=h02ab6af_0
lz4-c=1.9.4=h2bbff1b_1
markdown=3.10.1=pypi_0
markupsafe=3.0.2=py314h827c3e9_0
openssl=3.0.18=h543e019_0
pip=25.3=pyh0d26453_0
python=3.14.2=h3bc0a5a_101_cp314
python-frontmatter=1.1.0=pypi_0
python_abi=3.14=2_cp314
pyyaml=6.0.3=pypi_0
sqlalchemy=2.0.46=pypi_0
sqlite=3.51.1=hda9a48d_0
tk=8.6.15=hf199647_0
typing-extensions=4.15.0=pypi_0
tzdata=2025c=he532380_0
ucrt=10.0.22621.0=haa95532_0
vc=14.3=h2df5915_10
vc14_runtime=14.44.35208=h4927774_10
vs2015_runtime=14.44.35208=ha6b5a95_10
werkzeug=3.1.3=py314haa95532_0
xz=5.6.4=h4754444_1
zlib=1.3.1=h02ab6af_0
zstd=1.5.7=h56299aa_0
